  10
  100
  101
  104
  105
  107
  108
  111
  113
  115
  118
  119
  120
  123
  126
  128
  129
  13
  131
  135
  136
  138
  139
  140
  142
  145
  147
  149
  15
  151
  152
  153
  155
  158
  16
  162
  164
  166
  17
  176
  178
  18
  182
  183
  184
  187
  189
  19
  191
  209
  21
  212
  214
  219
  22
  225
  23
  231
  238
  24
  253
  257
  258
  259
  26
  28
  29
  292
  295
  31
  310
  316
  32
  327
  329
  33
  331
  336
  34
  343
  348
  35
  36
  37
  376
  38
  39
  40
  41
  42
  43
  44
  444
  448
  45
  46
  47
  48
  49
  50
  505
  52
  53
  54
  55
  556
  56
  57
  58
  59
  60
  61
  62
  626
  63
  64
  65
  66
  67
  68
  69
  70
  72
  73
  75
  76
  78
  79
  83
  84
  86
  87
  88
  89
  90
  91
  93
  94
  95
  96
  98
